   1.7405392639252931E-002   1.7633325699809306E-002   0.0000000000000000     
  0.91094008456828257        6.4109208514322183E-002   7.0401667850747141E-002
  0.84006723755554835       0.87353513733859711        3.4694469519536142E-018
   6.6227835756388923E-002  0.94631064802969167        8.7428969914885746E-002
  0.46954924693465133       0.89106362675681761        8.5854060494123842E-003
  0.30521261431046859       0.13190841016939811        7.8220138664669130E-003
  0.12886912701509709       0.62699527519845444        3.9004471306749840E-002
  0.76958731651357437       0.17979981255522490        1.0244589298803106E-003
  0.39135780367105244       0.68527408531129419        2.8398105573161775E-002
  0.44758950519152840       0.34105680658717336        6.5147956402097501E-003
  0.71430783629352390       0.46538276383057564        1.8938615747678262E-002
  0.27913210713304110       0.35669207670308395        1.3766569287754951E-003
   9.0545502468824229E-002   5.0653891512799844E-002   3.9603149506999662E-003
  0.58695667001527341       0.33499146788791184        1.5914658224194057E-002
  0.61636574301538716       0.61515506988148116        5.8005874138022245E-005
  0.86110192217712800       0.36833896334913407        3.8159101213660479E-002
  0.92846642925149747       0.22104957328764058        0.0000000000000000     
  0.11338143396566824       0.32906535006763510        0.0000000000000000     
  0.13297799270408689       0.47865418093570328        3.6351844997126431E-002
  0.71171366251622215        6.0608319096289234E-002   7.2962346125798216E-002
  0.69022205226511524       0.28034641922690395        1.6512166852799097E-002
  0.24931326248931551       0.72709807786963443        1.2457786868086115E-002
  0.14572211441986271       0.87541245032270243        3.7859498091484811E-003
  0.53327942937846728       0.14786309682286594        1.8368960141521260E-002
  0.33769240770630043       0.51390632613736043        6.7285801064137568E-003
  0.86242513546715394       0.62932484146373169        2.4143787908508324E-002
  0.14222911655883655       0.19270229038857098        6.6085918526532280E-004
