   0.0000000000000000        0.0000000000000000        0.0000000000000000     
   5.2216177917758788E-002   0.0000000000000000        0.0000000000000000     
   0.0000000000000000        5.2899977099427918E-002   0.0000000000000000     
   0.0000000000000000        0.0000000000000000        0.0000000000000000     
 
 
   1.0000000000000000        0.0000000000000000        0.0000000000000000     
   1.0000000000000000       0.12073766122906858        0.0000000000000000     
  0.86874384057444765       0.11152514582403994        0.0000000000000000     
  0.85222748674508919        8.8283235518502381E-002   0.0000000000000000     
  0.83372909552187580        0.0000000000000000        0.0000000000000000     
   1.0000000000000000        0.0000000000000000        0.0000000000000000     
 
 
   1.0000000000000000        1.0000000000000000        0.0000000000000000     
  0.69808480527990380        1.0000000000000000        0.0000000000000000     
  0.73882081078953554       0.82324679427005198        0.0000000000000000     
  0.76343057170830220       0.80254379142348065        0.0000000000000000     
   1.0000000000000002       0.74188510099945271        0.0000000000000000     
   1.0000000000000000        1.0000000000000000        0.0000000000000000     
 
 
   0.0000000000000000        1.0000000000000000        0.0000000000000000     
   0.0000000000000000       0.83893194408907523        0.0000000000000000     
  0.19868350726916678        1.0000000000000000        0.0000000000000000     
   0.0000000000000000        1.0000000000000000        0.0000000000000000     
 
 
  0.69808480527990380        1.0000000000000000        0.0000000000000000     
  0.25433375929930535        1.0000000000000000        0.0000000000000000     
  0.26471062636981180       0.95514565964976483        0.0000000000000000     
  0.31685873349694876       0.85165701388125326        0.0000000000000000     
  0.54448674637240269       0.71633229273983579        0.0000000000000000     
  0.73882081078953554       0.82324679427005198        0.0000000000000000     
  0.69808480527990380        1.0000000000000000        0.0000000000000000     
 
 
  0.30488834139128940       0.26625636696411242        0.0000000000000000     
  0.26938918025424785       0.27520178730879713        0.0000000000000000     
  0.19855377387820852        1.7483792753503577E-002   0.0000000000000000     
  0.20195756054815384        0.0000000000000000        0.0000000000000000     
  0.46132931223930568        0.0000000000000000        0.0000000000000000     
  0.39515751755160639       0.23250851398997552        0.0000000000000000     
  0.30488834139128940       0.26625636696411242        0.0000000000000000     
 
 
   0.0000000000000000       0.77216494302950933        0.0000000000000000     
   0.0000000000000000       0.56894618156079269        0.0000000000000000     
  0.23477184100271922       0.53699982643279520        0.0000000000000000     
  0.25296900049187382       0.57063326980130968        0.0000000000000000     
  0.15660479358089238       0.68623215516786518        0.0000000000000000     
   0.0000000000000000       0.77216494302950933        0.0000000000000000     
 
 
  0.62810907990614895       0.15415004086665454        0.0000000000000000     
  0.85222748674508919        8.8283235518502381E-002   0.0000000000000000     
  0.86874384057444765       0.11152514582403994        0.0000000000000000     
  0.84512187643154213       0.26117674252390399        0.0000000000000000     
  0.79868652885636326       0.29076693765374301        0.0000000000000000     
  0.62463508656785449       0.17289677294450545        0.0000000000000000     
  0.62810907990614895       0.15415004086665454        0.0000000000000000     
 
 
  0.44866257630780743       0.60128474377610841        0.0000000000000000     
  0.54448674637240269       0.71633229273983579        0.0000000000000000     
  0.31685873349694876       0.85165701388125326        0.0000000000000000     
  0.25542315850705072       0.57182229084797898        0.0000000000000000     
  0.44866257630780743       0.60128474377610841        0.0000000000000000     
 
 
  0.30488834139128940       0.26625636696411242        0.0000000000000000     
  0.39515751755160639       0.23250851398997552        0.0000000000000000     
  0.48230588323889895       0.27424199510747915        0.0000000000000000     
  0.55096002664949251       0.41573349194201697        0.0000000000000000     
  0.52503089234461553       0.44643417396979429        0.0000000000000000     
  0.42719436997326743       0.41116629754966194        0.0000000000000000     
  0.30488834139128940       0.26625636696411242        0.0000000000000000     
 
 
  0.60368556819247643       0.41385738961611834        0.0000000000000000     
  0.68920173374181715       0.36988010792249743        0.0000000000000000     
  0.72995677390585956       0.36694392276232679        0.0000000000000000     
  0.79284635386900193       0.47442451753749221        0.0000000000000000     
  0.75584875175846467       0.70180788131444360        0.0000000000000000     
  0.60368556819247643       0.41385738961611834        0.0000000000000000     
 
 
  0.30488834139128940       0.26625636696411242        0.0000000000000000     
  0.42719436997326743       0.41116629754966194        0.0000000000000000     
  0.21979501531676870       0.45900368058387464        0.0000000000000000     
  0.21032310720094663       0.42603641087386007        0.0000000000000000     
  0.24320262866172637       0.30248791693819738        0.0000000000000000     
  0.26938918025424785       0.27520178730879713        0.0000000000000000     
  0.30488834139128940       0.26625636696411242        0.0000000000000000     
 
 
   0.0000000000000000       0.18288568771106770        0.0000000000000000     
   0.0000000000000000        5.2899977099427918E-002   0.0000000000000000     
   5.2216177917758788E-002   0.0000000000000000        0.0000000000000000     
  0.20195756054815384        0.0000000000000000        0.0000000000000000     
  0.19855377387820852        1.7483792753503577E-002   0.0000000000000000     
   0.0000000000000000       0.18288568771106770        0.0000000000000000     
 
 
  0.60863013825368173       0.20124435485144698        0.0000000000000000     
  0.68920173374181715       0.36988010792249743        0.0000000000000000     
  0.60368556819247643       0.41385738961611834        0.0000000000000000     
  0.55096002664949251       0.41573349194201697        0.0000000000000000     
  0.48230588323889895       0.27424199510747915        0.0000000000000000     
  0.60863013825368173       0.20124435485144698        0.0000000000000000     
 
 
  0.44866257630780743       0.60128474377610841        0.0000000000000000     
  0.52503089234461553       0.44643417396979429        0.0000000000000000     
  0.55096002664949251       0.41573349194201697        0.0000000000000000     
  0.60368556819247643       0.41385738961611834        0.0000000000000000     
  0.75584875175846467       0.70180788131444360        0.0000000000000000     
  0.76343057170830220       0.80254379142348065        0.0000000000000000     
  0.73882081078953554       0.82324679427005198        0.0000000000000000     
  0.54448674637240269       0.71633229273983579        0.0000000000000000     
  0.44866257630780743       0.60128474377610841        0.0000000000000000     
 
 
   1.0000000000000000       0.39075874357354978        0.0000000000000000     
   1.0000000000000004       0.42596291604378883        0.0000000000000000     
  0.79284635386900193       0.47442451753749221        0.0000000000000000     
  0.72995677390585956       0.36694392276232679        0.0000000000000000     
  0.79868652885636326       0.29076693765374301        0.0000000000000000     
  0.84512187643154213       0.26117674252390399        0.0000000000000000     
   1.0000000000000000       0.39075874357354978        0.0000000000000000     
 
 
   1.0000000000000000       0.39075874357354978        0.0000000000000000     
  0.84512187643154213       0.26117674252390399        0.0000000000000000     
  0.86874384057444765       0.11152514582403994        0.0000000000000000     
   1.0000000000000000       0.12073766122906858        0.0000000000000000     
   1.0000000000000000       0.39075874357354978        0.0000000000000000     
 
 
   0.0000000000000000       0.18545226723128924        0.0000000000000000     
  0.24320262866172637       0.30248791693819738        0.0000000000000000     
  0.21032310720094663       0.42603641087386007        0.0000000000000000     
   0.0000000000000000       0.40228480522719368        0.0000000000000000     
   0.0000000000000000       0.18545226723128924        0.0000000000000000     
 
 
  0.21032310720094663       0.42603641087386007        0.0000000000000000     
  0.21979501531676870       0.45900368058387464        0.0000000000000000     
  0.23477184100271922       0.53699982643279520        0.0000000000000000     
   0.0000000000000000       0.56894618156079269        0.0000000000000000     
   0.0000000000000000       0.40228480522719368        0.0000000000000000     
  0.21032310720094663       0.42603641087386007        0.0000000000000000     
 
 
  0.62810907990614895       0.15415004086665454        0.0000000000000000     
  0.53278898789177487        0.0000000000000000        0.0000000000000000     
  0.83372909552187580        0.0000000000000000        0.0000000000000000     
  0.85222748674508919        8.8283235518502381E-002   0.0000000000000000     
  0.62810907990614895       0.15415004086665454        0.0000000000000000     
 
 
  0.60863013825368173       0.20124435485144698        0.0000000000000000     
  0.62463508656785449       0.17289677294450545        0.0000000000000000     
  0.79868652885636326       0.29076693765374301        0.0000000000000000     
  0.72995677390585956       0.36694392276232679        0.0000000000000000     
  0.68920173374181715       0.36988010792249743        0.0000000000000000     
  0.60863013825368173       0.20124435485144698        0.0000000000000000     
 
 
  0.26471062636981180       0.95514565964976483        0.0000000000000000     
  0.15660479358089238       0.68623215516786518        0.0000000000000000     
  0.25296900049187382       0.57063326980130968        0.0000000000000000     
  0.25542315850705072       0.57182229084797898        0.0000000000000000     
  0.31685873349694876       0.85165701388125326        0.0000000000000000     
  0.26471062636981180       0.95514565964976483        0.0000000000000000     
 
 
  0.25433375929930535        1.0000000000000000        0.0000000000000000     
  0.19868350726916678        1.0000000000000000        0.0000000000000000     
   0.0000000000000000       0.83893194408907523        0.0000000000000000     
   0.0000000000000000       0.77216494302950933        0.0000000000000000     
  0.15660479358089238       0.68623215516786518        0.0000000000000000     
  0.26471062636981180       0.95514565964976483        0.0000000000000000     
  0.25433375929930535        1.0000000000000000        0.0000000000000000     
 
 
  0.62810907990614895       0.15415004086665454        0.0000000000000000     
  0.62463508656785449       0.17289677294450545        0.0000000000000000     
  0.60863013825368173       0.20124435485144698        0.0000000000000000     
  0.48230588323889895       0.27424199510747915        0.0000000000000000     
  0.39515751755160639       0.23250851398997552        0.0000000000000000     
  0.46132931223930568        0.0000000000000000        0.0000000000000000     
  0.53278898789177487        0.0000000000000000        0.0000000000000000     
  0.62810907990614895       0.15415004086665454        0.0000000000000000     
 
 
  0.44866257630780743       0.60128474377610841        0.0000000000000000     
  0.25542315850705072       0.57182229084797898        0.0000000000000000     
  0.25296900049187382       0.57063326980130968        0.0000000000000000     
  0.23477184100271922       0.53699982643279520        0.0000000000000000     
  0.21979501531676870       0.45900368058387464        0.0000000000000000     
  0.42719436997326743       0.41116629754966194        0.0000000000000000     
  0.52503089234461553       0.44643417396979429        0.0000000000000000     
  0.44866257630780743       0.60128474377610841        0.0000000000000000     
 
 
   1.0000000000000004       0.42596291604378883        0.0000000000000000     
   1.0000000000000002       0.74188510099945271        0.0000000000000000     
  0.76343057170830220       0.80254379142348065        0.0000000000000000     
  0.75584875175846467       0.70180788131444360        0.0000000000000000     
  0.79284635386900193       0.47442451753749221        0.0000000000000000     
   1.0000000000000004       0.42596291604378883        0.0000000000000000     
 
 
  0.24320262866172637       0.30248791693819738        0.0000000000000000     
   0.0000000000000000       0.18545226723128924        0.0000000000000000     
   0.0000000000000000       0.18288568771106770        0.0000000000000000     
  0.19855377387820852        1.7483792753503577E-002   0.0000000000000000     
  0.26938918025424785       0.27520178730879713        0.0000000000000000     
  0.24320262866172637       0.30248791693819738        0.0000000000000000     
 
 
