   0.0000000000000000        0.0000000000000000     
   1.0000000000000000        0.0000000000000000     
   1.0000000000000000        1.0000000000000000     
   0.0000000000000000        1.0000000000000000     
  0.42662479216252736       0.86785520789229920     
  0.32054591880484995       0.10431858369169733     
   5.6435142246941794E-002  0.62127849198270846     
  0.72025230276671925       0.19879656576043980     
  0.35506674732984378       0.74748831991257525     
  0.42294076763298760       0.37820559670730325     
  0.70111338642396870       0.48719324674319175     
  0.39541653567285395       0.40143643732126455     
   5.2895500117699390E-002   5.2211758806687492E-002
  0.60070808477790394       0.29194979223832085     
  0.60938017908594155       0.53566830502472718     
  0.84891790929622224       0.40070912949827608     
  0.98313458254309172       0.24029158434775821     
   6.1940923919218682E-002  0.31268975831269641     
   4.0399989904835842E-002  0.50343712256726525     
  0.68144429724578603        6.6748437359866575E-002
  0.68417407270674857       0.25207101390127962     
  0.23852883140573145       0.77307332878965773     
  0.15758432705349612       0.80561380335430988     
  0.52608654099170005       0.16281533126420389     
  0.40288868862240745       0.43383201586960851     
  0.87579936976266393       0.51561644533828654     
  0.13808034101154809       0.15447039158128684     
