  0.13925102166968781        6.1723445893326047E-002
  0.89232601217022334        3.0053585984627627E-002
  0.96130566332159595       0.85917149070051357     
   3.2716457993165242E-002  0.95981291724510454     
  0.87862135949007436       0.16881267071724879     
  0.68546574135473792       0.70104422293509194     
  0.55890622527933842       0.37447370053773027     
  0.26910881771930772       0.93578438249908258     
   8.0994879163043987E-002  0.29276677977508930     
  0.38369682931103088       0.93411453681414969     
  0.38562823994217288       0.86027436442412319     
  0.24517442220398508       0.44864649176315075     
  0.86381343659160092       0.82203426379001865     
  0.12834605086343551       0.92713324082726378     
  0.89905420225990340       0.55391181687638424     
  0.44679812588423923        6.1500209747960034E-002
  0.75730205809263718       0.33582833628866321     
  0.68978551029787671       0.48399642910931356     
  0.60069576403549740       0.90024485872284632     
  0.80454087331364244       0.63403405026643178     
   4.5266533069942140E-002  0.85633490418947411     
  0.41463344920695810       0.64952157382043318     
  0.19326457303705255       0.78400261225745305     
  0.55557576513826112       0.52785972196730679     
   6.0227806921558200E-002  0.71482955395971781     
  0.90936298023478446       0.30090300035323031     
  0.68565651538011541       0.14781991598101260     
  0.13038097160022885       0.55065755210262035     
  0.35892188468540498       0.29497771146995150     
