   0.0000000000000000        0.0000000000000000        0.0000000000000000     
  0.27806129641575228        0.0000000000000000        0.0000000000000000     
  0.27768845305085854        5.4173814833461467E-003   0.0000000000000000     
  0.14050535888182825       0.13376996563105936        0.0000000000000000     
   0.0000000000000000       0.16942988235222473        0.0000000000000000     
   0.0000000000000000        0.0000000000000000        0.0000000000000000     
 
 
   1.0000000000000000        0.0000000000000000        0.0000000000000000     
   1.0000000000000000       0.11826108375808851        0.0000000000000000     
  0.78525837218990713        1.9532601804219886E-003   0.0000000000000000     
  0.78404567649098611        0.0000000000000000        0.0000000000000000     
   1.0000000000000000        0.0000000000000000        0.0000000000000000     
 
 
   1.0000000000000000        1.0000000000000000        0.0000000000000000     
  0.86835959824963427       0.99999999999999967        0.0000000000000000     
  0.97686305503674964       0.72201205257782652        0.0000000000000000     
   1.0000000000000000       0.71467391022422821        0.0000000000000000     
   1.0000000000000000        1.0000000000000000        0.0000000000000000     
 
 
   0.0000000000000000        1.0000000000000000        0.0000000000000000     
   0.0000000000000000       0.91789956597528255        0.0000000000000000     
   3.9506936231017607E-002  0.92135210300513581        0.0000000000000000     
   9.1358895741643367E-002  0.99999999999999989        0.0000000000000000     
   0.0000000000000000        1.0000000000000000        0.0000000000000000     
 
 
  0.80902184230037877       0.28599251722343227        0.0000000000000000     
  0.79882658296008591       0.27236352334408875        0.0000000000000000     
  0.78525837218990713        1.9532601804219886E-003   0.0000000000000000     
   1.0000000000000000       0.11826108375808851        0.0000000000000000     
   1.0000000000000004       0.16549296908021252        0.0000000000000000     
  0.80902184230037877       0.28599251722343227        0.0000000000000000     
 
 
  0.57169406682587420       0.79116295811479354        0.0000000000000000     
  0.53013759434968943       0.60927775025661457        0.0000000000000000     
  0.63229393793263222       0.61199496426654487        0.0000000000000000     
  0.89952078809627622       0.72713965630296629        0.0000000000000000     
  0.79368231956921731       0.76564578573454012        0.0000000000000000     
  0.57169406682587420       0.79116295811479354        0.0000000000000000     
 
 
  0.62745316609579549       0.43485963091443036        0.0000000000000000     
  0.51766725366580646       0.45717131631398145        0.0000000000000000     
  0.44938848468560710       0.46049838462615611        0.0000000000000000     
  0.47885103463868278       0.24958472066102896        0.0000000000000000     
  0.72117118731080065       0.27025445017305449        0.0000000000000000     
  0.62745316609579549       0.43485963091443036        0.0000000000000000     
 
 
  0.44088005900014821        1.0000000000000000        0.0000000000000000     
  0.19968062405485812        1.0000000000000000        0.0000000000000000     
  0.21492377476037650       0.87423620911382915        0.0000000000000000     
  0.22095081306184805       0.86890132088250116        0.0000000000000000     
  0.44088005900014821        1.0000000000000000        0.0000000000000000     
 
 
  0.14050535888182825       0.13376996563105936        0.0000000000000000     
  0.17694805474224018       0.32249233127889487        0.0000000000000000     
   8.7520982191151495E-002  0.41265096246848015        0.0000000000000000     
   0.0000000000000000       0.42549075714478751        0.0000000000000000     
   0.0000000000000000       0.16942988235222473        0.0000000000000000     
  0.14050535888182825       0.13376996563105936        0.0000000000000000     
 
 
  0.51219756014839946       0.94636089627969844        0.0000000000000000     
  0.51391665215493765        1.0000000000000002        0.0000000000000000     
  0.44088005900014821        1.0000000000000000        0.0000000000000000     
  0.22095081306184805       0.86890132088250116        0.0000000000000000     
  0.23053906218982112       0.85531046690854884        0.0000000000000000     
  0.51219756014839946       0.94636089627969844        0.0000000000000000     
 
 
  0.51219756014839946       0.94636089627969844        0.0000000000000000     
  0.23053906218982112       0.85531046690854884        0.0000000000000000     
  0.28555521045211540       0.74112658230020045        0.0000000000000000     
  0.51422112697835543       0.89829951220804494        0.0000000000000000     
  0.51219756014839946       0.94636089627969844        0.0000000000000000     
 
 
  0.42878579918589343       0.47604858044966297        0.0000000000000000     
  0.28744285269665532       0.58339409285556498        0.0000000000000000     
   8.7520982191151495E-002  0.41265096246848015        0.0000000000000000     
  0.17694805474224018       0.32249233127889487        0.0000000000000000     
  0.42878579918589343       0.47604858044966297        0.0000000000000000     
 
 
  0.86835959824963427       0.99999999999999967        0.0000000000000000     
  0.69846285853620071        1.0000000000000002        0.0000000000000000     
  0.79368231956921731       0.76564578573454012        0.0000000000000000     
  0.89952078809627622       0.72713965630296629        0.0000000000000000     
  0.94599200006152684       0.71740808812477808        0.0000000000000000     
  0.97686305503674964       0.72201205257782652        0.0000000000000000     
  0.86835959824963427       0.99999999999999967        0.0000000000000000     
 
 
  0.21492377476037650       0.87423620911382915        0.0000000000000000     
  0.19968062405485812        1.0000000000000000        0.0000000000000000     
   9.1358895741643367E-002  0.99999999999999989        0.0000000000000000     
   3.9506936231017607E-002  0.92135210300513581        0.0000000000000000     
   9.6260023529281938E-002  0.84007789201735450        0.0000000000000000     
  0.21492377476037650       0.87423620911382915        0.0000000000000000     
 
 
  0.82843007863875817       0.33717624039668664        0.0000000000000000     
   1.0000000000000007       0.41495027471258983        0.0000000000000000     
   1.0000000000000000       0.71467391022422821        0.0000000000000000     
  0.97686305503674964       0.72201205257782652        0.0000000000000000     
  0.94599200006152684       0.71740808812477808        0.0000000000000000     
  0.78318479083228321       0.55683849641829453        0.0000000000000000     
  0.75890949125000473       0.41432365568028656        0.0000000000000000     
  0.82843007863875817       0.33717624039668664        0.0000000000000000     
 
 
  0.27768845305085854        5.4173814833461467E-003   0.0000000000000000     
  0.27806129641575228        0.0000000000000000        0.0000000000000000     
  0.75448933232255411        0.0000000000000000        0.0000000000000000     
  0.47695342174779193       0.24058345750849400        0.0000000000000000     
  0.27768845305085854        5.4173814833461467E-003   0.0000000000000000     
 
 
  0.82843007863875817       0.33717624039668664        0.0000000000000000     
  0.75890949125000473       0.41432365568028656        0.0000000000000000     
  0.62745316609579549       0.43485963091443036        0.0000000000000000     
  0.72117118731080065       0.27025445017305449        0.0000000000000000     
  0.79882658296008591       0.27236352334408875        0.0000000000000000     
  0.80902184230037877       0.28599251722343227        0.0000000000000000     
  0.82843007863875817       0.33717624039668664        0.0000000000000000     
 
 
  0.62745316609579549       0.43485963091443036        0.0000000000000000     
  0.75890949125000473       0.41432365568028656        0.0000000000000000     
  0.78318479083228321       0.55683849641829453        0.0000000000000000     
  0.76171284964549413       0.55678904621957492        0.0000000000000000     
  0.51766725366580646       0.45717131631398145        0.0000000000000000     
  0.62745316609579549       0.43485963091443036        0.0000000000000000     
 
 
  0.51219756014839946       0.94636089627969844        0.0000000000000000     
  0.51422112697835543       0.89829951220804494        0.0000000000000000     
  0.57169406682587420       0.79116295811479354        0.0000000000000000     
  0.79368231956921731       0.76564578573454012        0.0000000000000000     
  0.69846285853620071        1.0000000000000002        0.0000000000000000     
  0.51391665215493765        1.0000000000000002        0.0000000000000000     
  0.51219756014839946       0.94636089627969844        0.0000000000000000     
 
 
  0.76171284964549413       0.55678904621957492        0.0000000000000000     
  0.78318479083228321       0.55683849641829453        0.0000000000000000     
  0.94599200006152684       0.71740808812477808        0.0000000000000000     
  0.89952078809627622       0.72713965630296629        0.0000000000000000     
  0.63229393793263222       0.61199496426654487        0.0000000000000000     
  0.76171284964549413       0.55678904621957492        0.0000000000000000     
 
 
   9.6260023529281938E-002  0.84007789201735450        0.0000000000000000     
   3.9506936231017607E-002  0.92135210300513581        0.0000000000000000     
   0.0000000000000000       0.91789956597528255        0.0000000000000000     
   0.0000000000000000       0.78118873942405276        0.0000000000000000     
   9.0565705589411169E-002  0.82115622052554471        0.0000000000000000     
   9.6260023529281938E-002  0.84007789201735450        0.0000000000000000     
 
 
  0.57169406682587420       0.79116295811479354        0.0000000000000000     
  0.51422112697835543       0.89829951220804494        0.0000000000000000     
  0.28555521045211540       0.74112658230020045        0.0000000000000000     
  0.25697647261674456       0.62543624425761513        0.0000000000000000     
  0.28744285269665532       0.58339409285556498        0.0000000000000000     
  0.42878579918589343       0.47604858044966297        0.0000000000000000     
  0.44225447055033756       0.47142687012096934        0.0000000000000000     
  0.53013759434968943       0.60927775025661457        0.0000000000000000     
  0.57169406682587420       0.79116295811479354        0.0000000000000000     
 
 
  0.21492377476037650       0.87423620911382915        0.0000000000000000     
   9.6260023529281938E-002  0.84007789201735450        0.0000000000000000     
   9.0565705589411169E-002  0.82115622052554471        0.0000000000000000     
  0.15034552209682164       0.64577596205403076        0.0000000000000000     
  0.25697647261674456       0.62543624425761513        0.0000000000000000     
  0.28555521045211540       0.74112658230020045        0.0000000000000000     
  0.23053906218982112       0.85531046690854884        0.0000000000000000     
  0.22095081306184805       0.86890132088250116        0.0000000000000000     
  0.21492377476037650       0.87423620911382915        0.0000000000000000     
 
 
  0.76171284964549413       0.55678904621957492        0.0000000000000000     
  0.63229393793263222       0.61199496426654487        0.0000000000000000     
  0.53013759434968943       0.60927775025661457        0.0000000000000000     
  0.44225447055033756       0.47142687012096934        0.0000000000000000     
  0.44938848468560710       0.46049838462615611        0.0000000000000000     
  0.51766725366580646       0.45717131631398145        0.0000000000000000     
  0.76171284964549413       0.55678904621957492        0.0000000000000000     
 
 
  0.15034552209682164       0.64577596205403076        0.0000000000000000     
   9.0565705589411169E-002  0.82115622052554471        0.0000000000000000     
   0.0000000000000000       0.78118873942405276        0.0000000000000000     
   0.0000000000000000       0.61119729383524324        0.0000000000000000     
  0.15034552209682164       0.64577596205403076        0.0000000000000000     
 
 
  0.82843007863875817       0.33717624039668664        0.0000000000000000     
  0.80902184230037877       0.28599251722343227        0.0000000000000000     
   1.0000000000000004       0.16549296908021252        0.0000000000000000     
   1.0000000000000007       0.41495027471258983        0.0000000000000000     
  0.82843007863875817       0.33717624039668664        0.0000000000000000     
 
 
  0.79882658296008591       0.27236352334408875        0.0000000000000000     
  0.72117118731080065       0.27025445017305449        0.0000000000000000     
  0.47885103463868278       0.24958472066102896        0.0000000000000000     
  0.47695342174779193       0.24058345750849400        0.0000000000000000     
  0.75448933232255411        0.0000000000000000        0.0000000000000000     
  0.78404567649098611        0.0000000000000000        0.0000000000000000     
  0.78525837218990713        1.9532601804219886E-003   0.0000000000000000     
  0.79882658296008591       0.27236352334408875        0.0000000000000000     
 
 
  0.15034552209682164       0.64577596205403076        0.0000000000000000     
   0.0000000000000000       0.61119729383524324        0.0000000000000000     
   0.0000000000000000       0.42549075714478751        0.0000000000000000     
   8.7520982191151495E-002  0.41265096246848015        0.0000000000000000     
  0.28744285269665532       0.58339409285556498        0.0000000000000000     
  0.25697647261674456       0.62543624425761513        0.0000000000000000     
  0.15034552209682164       0.64577596205403076        0.0000000000000000     
 
 
  0.14050535888182825       0.13376996563105936        0.0000000000000000     
  0.27768845305085854        5.4173814833461467E-003   0.0000000000000000     
  0.47695342174779193       0.24058345750849400        0.0000000000000000     
  0.47885103463868278       0.24958472066102896        0.0000000000000000     
  0.44938848468560710       0.46049838462615611        0.0000000000000000     
  0.44225447055033756       0.47142687012096934        0.0000000000000000     
  0.42878579918589343       0.47604858044966297        0.0000000000000000     
  0.17694805474224018       0.32249233127889487        0.0000000000000000     
  0.14050535888182825       0.13376996563105936        0.0000000000000000     
 
 
